{
 "cells": [
  {
   "cell_type": "markdown",
   "metadata": {},
   "source": [
    "# Diet field categories are covered here"
   ]
  },
  {
   "cell_type": "code",
   "execution_count": 1,
   "metadata": {},
   "outputs": [],
   "source": [
    "import pandas as pd\n",
    "import numpy as np\n",
    "import os\n",
    "import seaborn as sns\n",
    "import matplotlib.pyplot as plt\n",
    "import utils as ut\n",
    "from scipy import stats\n"
   ]
  },
  {
   "cell_type": "code",
   "execution_count": 2,
   "metadata": {},
   "outputs": [],
   "source": [
    "sns.set_style(\"dark\", {\"grid.color\": \".6\", \"grid.linestyle\": \":\"})\n",
    "sns.set_context(\"paper\")\n",
    "sns.set(font_scale = 1.5)"
   ]
  },
  {
   "cell_type": "code",
   "execution_count": 3,
   "metadata": {},
   "outputs": [],
   "source": [
    "lifestyle_file = \"/data5/deepro/ukbiobank/analysis/lifestyle_factors/data/lifestyle_v2.xlsx\"\n",
    "store_dir = \"/data5/deepro/ukbiobank/preprocess/rarecomb_pheno_prepare/data\"\n",
    "lifestyle_df = pd.read_excel(lifestyle_file)"
   ]
  },
  {
   "cell_type": "code",
   "execution_count": 4,
   "metadata": {},
   "outputs": [],
   "source": [
    "int_df = ut.get_integer_factors(lifestyle_df, store_dir)\n",
    "cat_single_df = ut.get_catsingle_factors(lifestyle_df, store_dir)\n",
    "cat_multiple_df = ut.get_catmultiple_factors(lifestyle_df, store_dir)"
   ]
  },
  {
   "cell_type": "code",
   "execution_count": 12,
   "metadata": {},
   "outputs": [],
   "source": [
    "# diet integer vegetable\n",
    "diet_integer_vegetable = [1289, 1299, ]\n",
    "# diet integer fruit\n",
    "diet_integer_fruit = [1309, 1319, ]\n",
    "# diet integer bread\n",
    "diet_integer_bread = [1438, ]\n",
    "# diet integer cereal\n",
    "diet_integer_cereal = [1458, ]\n",
    "# diet integer beverage\n",
    "diet_integer_beverage = [1488, 1498, ]\n",
    "# diet integer water\n",
    "diet_integer_water = [1528]\n",
    "\n",
    "# diet cat single fish\n",
    "diet_catsingle_fish = [1329, 1339]\n",
    "# diet cat single meat\n",
    "diet_catsingle_meat = [1349, 1359, 1369, 1379, 1389]\n",
    "# diet cat single salt\n",
    "diet_catsingle_salt = [1478]"
   ]
  },
  {
   "cell_type": "markdown",
   "metadata": {},
   "source": [
    "# Checking for correlation"
   ]
  },
  {
   "cell_type": "code",
   "execution_count": 13,
   "metadata": {},
   "outputs": [
    {
     "data": {
      "text/html": [
       "<div>\n",
       "<style scoped>\n",
       "    .dataframe tbody tr th:only-of-type {\n",
       "        vertical-align: middle;\n",
       "    }\n",
       "\n",
       "    .dataframe tbody tr th {\n",
       "        vertical-align: top;\n",
       "    }\n",
       "\n",
       "    .dataframe thead th {\n",
       "        text-align: right;\n",
       "    }\n",
       "</style>\n",
       "<table border=\"1\" class=\"dataframe\">\n",
       "  <thead>\n",
       "    <tr style=\"text-align: right;\">\n",
       "      <th></th>\n",
       "      <th>1289</th>\n",
       "      <th>1299</th>\n",
       "      <th>1309</th>\n",
       "      <th>1319</th>\n",
       "      <th>1438</th>\n",
       "      <th>1458</th>\n",
       "      <th>1488</th>\n",
       "      <th>1498</th>\n",
       "      <th>1528</th>\n",
       "    </tr>\n",
       "  </thead>\n",
       "  <tbody>\n",
       "    <tr>\n",
       "      <th>1289</th>\n",
       "      <td>1.000000</td>\n",
       "      <td>0.357649</td>\n",
       "      <td>0.170730</td>\n",
       "      <td>0.118622</td>\n",
       "      <td>-0.012643</td>\n",
       "      <td>0.003272</td>\n",
       "      <td>0.024492</td>\n",
       "      <td>0.000377</td>\n",
       "      <td>0.105110</td>\n",
       "    </tr>\n",
       "    <tr>\n",
       "      <th>1299</th>\n",
       "      <td>0.357649</td>\n",
       "      <td>1.000000</td>\n",
       "      <td>0.243469</td>\n",
       "      <td>0.159600</td>\n",
       "      <td>-0.075530</td>\n",
       "      <td>-0.006023</td>\n",
       "      <td>0.001137</td>\n",
       "      <td>0.005214</td>\n",
       "      <td>0.171561</td>\n",
       "    </tr>\n",
       "    <tr>\n",
       "      <th>1309</th>\n",
       "      <td>0.170730</td>\n",
       "      <td>0.243469</td>\n",
       "      <td>1.000000</td>\n",
       "      <td>0.214176</td>\n",
       "      <td>-0.069018</td>\n",
       "      <td>0.103842</td>\n",
       "      <td>0.008756</td>\n",
       "      <td>-0.012701</td>\n",
       "      <td>0.187532</td>\n",
       "    </tr>\n",
       "    <tr>\n",
       "      <th>1319</th>\n",
       "      <td>0.118622</td>\n",
       "      <td>0.159600</td>\n",
       "      <td>0.214176</td>\n",
       "      <td>1.000000</td>\n",
       "      <td>-0.043895</td>\n",
       "      <td>0.117746</td>\n",
       "      <td>0.017570</td>\n",
       "      <td>-0.013102</td>\n",
       "      <td>0.120398</td>\n",
       "    </tr>\n",
       "    <tr>\n",
       "      <th>1438</th>\n",
       "      <td>-0.012643</td>\n",
       "      <td>-0.075530</td>\n",
       "      <td>-0.069018</td>\n",
       "      <td>-0.043895</td>\n",
       "      <td>1.000000</td>\n",
       "      <td>-0.011152</td>\n",
       "      <td>0.108351</td>\n",
       "      <td>0.035368</td>\n",
       "      <td>-0.071739</td>\n",
       "    </tr>\n",
       "    <tr>\n",
       "      <th>1458</th>\n",
       "      <td>0.003272</td>\n",
       "      <td>-0.006023</td>\n",
       "      <td>0.103842</td>\n",
       "      <td>0.117746</td>\n",
       "      <td>-0.011152</td>\n",
       "      <td>1.000000</td>\n",
       "      <td>0.055388</td>\n",
       "      <td>-0.036641</td>\n",
       "      <td>0.009685</td>\n",
       "    </tr>\n",
       "    <tr>\n",
       "      <th>1488</th>\n",
       "      <td>0.024492</td>\n",
       "      <td>0.001137</td>\n",
       "      <td>0.008756</td>\n",
       "      <td>0.017570</td>\n",
       "      <td>0.108351</td>\n",
       "      <td>0.055388</td>\n",
       "      <td>1.000000</td>\n",
       "      <td>-0.254104</td>\n",
       "      <td>-0.105330</td>\n",
       "    </tr>\n",
       "    <tr>\n",
       "      <th>1498</th>\n",
       "      <td>0.000377</td>\n",
       "      <td>0.005214</td>\n",
       "      <td>-0.012701</td>\n",
       "      <td>-0.013102</td>\n",
       "      <td>0.035368</td>\n",
       "      <td>-0.036641</td>\n",
       "      <td>-0.254104</td>\n",
       "      <td>1.000000</td>\n",
       "      <td>-0.070247</td>\n",
       "    </tr>\n",
       "    <tr>\n",
       "      <th>1528</th>\n",
       "      <td>0.105110</td>\n",
       "      <td>0.171561</td>\n",
       "      <td>0.187532</td>\n",
       "      <td>0.120398</td>\n",
       "      <td>-0.071739</td>\n",
       "      <td>0.009685</td>\n",
       "      <td>-0.105330</td>\n",
       "      <td>-0.070247</td>\n",
       "      <td>1.000000</td>\n",
       "    </tr>\n",
       "  </tbody>\n",
       "</table>\n",
       "</div>"
      ],
      "text/plain": [
       "          1289      1299      1309      1319      1438      1458      1488  \\\n",
       "1289  1.000000  0.357649  0.170730  0.118622 -0.012643  0.003272  0.024492   \n",
       "1299  0.357649  1.000000  0.243469  0.159600 -0.075530 -0.006023  0.001137   \n",
       "1309  0.170730  0.243469  1.000000  0.214176 -0.069018  0.103842  0.008756   \n",
       "1319  0.118622  0.159600  0.214176  1.000000 -0.043895  0.117746  0.017570   \n",
       "1438 -0.012643 -0.075530 -0.069018 -0.043895  1.000000 -0.011152  0.108351   \n",
       "1458  0.003272 -0.006023  0.103842  0.117746 -0.011152  1.000000  0.055388   \n",
       "1488  0.024492  0.001137  0.008756  0.017570  0.108351  0.055388  1.000000   \n",
       "1498  0.000377  0.005214 -0.012701 -0.013102  0.035368 -0.036641 -0.254104   \n",
       "1528  0.105110  0.171561  0.187532  0.120398 -0.071739  0.009685 -0.105330   \n",
       "\n",
       "          1498      1528  \n",
       "1289  0.000377  0.105110  \n",
       "1299  0.005214  0.171561  \n",
       "1309 -0.012701  0.187532  \n",
       "1319 -0.013102  0.120398  \n",
       "1438  0.035368 -0.071739  \n",
       "1458 -0.036641  0.009685  \n",
       "1488 -0.254104 -0.105330  \n",
       "1498  1.000000 -0.070247  \n",
       "1528 -0.070247  1.000000  "
      ]
     },
     "execution_count": 13,
     "metadata": {},
     "output_type": "execute_result"
    }
   ],
   "source": [
    "int_df.loc[:, diet_integer_vegetable + diet_integer_fruit + diet_integer_bread + diet_integer_cereal + diet_integer_beverage + diet_integer_water].corr()"
   ]
  },
  {
   "cell_type": "code",
   "execution_count": 14,
   "metadata": {},
   "outputs": [
    {
     "data": {
      "text/html": [
       "<div>\n",
       "<style scoped>\n",
       "    .dataframe tbody tr th:only-of-type {\n",
       "        vertical-align: middle;\n",
       "    }\n",
       "\n",
       "    .dataframe tbody tr th {\n",
       "        vertical-align: top;\n",
       "    }\n",
       "\n",
       "    .dataframe thead th {\n",
       "        text-align: right;\n",
       "    }\n",
       "</style>\n",
       "<table border=\"1\" class=\"dataframe\">\n",
       "  <thead>\n",
       "    <tr style=\"text-align: right;\">\n",
       "      <th></th>\n",
       "      <th>1329</th>\n",
       "      <th>1339</th>\n",
       "      <th>1349</th>\n",
       "      <th>1359</th>\n",
       "      <th>1369</th>\n",
       "      <th>1379</th>\n",
       "      <th>1389</th>\n",
       "    </tr>\n",
       "  </thead>\n",
       "  <tbody>\n",
       "    <tr>\n",
       "      <th>1329</th>\n",
       "      <td>1.000000</td>\n",
       "      <td>0.411966</td>\n",
       "      <td>-0.051958</td>\n",
       "      <td>0.113605</td>\n",
       "      <td>0.001312</td>\n",
       "      <td>0.091219</td>\n",
       "      <td>0.036501</td>\n",
       "    </tr>\n",
       "    <tr>\n",
       "      <th>1339</th>\n",
       "      <td>0.411966</td>\n",
       "      <td>1.000000</td>\n",
       "      <td>0.070147</td>\n",
       "      <td>0.177204</td>\n",
       "      <td>0.063488</td>\n",
       "      <td>0.080273</td>\n",
       "      <td>0.068402</td>\n",
       "    </tr>\n",
       "    <tr>\n",
       "      <th>1349</th>\n",
       "      <td>-0.051958</td>\n",
       "      <td>0.070147</td>\n",
       "      <td>1.000000</td>\n",
       "      <td>0.276734</td>\n",
       "      <td>0.310154</td>\n",
       "      <td>0.239699</td>\n",
       "      <td>0.313334</td>\n",
       "    </tr>\n",
       "    <tr>\n",
       "      <th>1359</th>\n",
       "      <td>0.113605</td>\n",
       "      <td>0.177204</td>\n",
       "      <td>0.276734</td>\n",
       "      <td>1.000000</td>\n",
       "      <td>0.278426</td>\n",
       "      <td>0.226879</td>\n",
       "      <td>0.252446</td>\n",
       "    </tr>\n",
       "    <tr>\n",
       "      <th>1369</th>\n",
       "      <td>0.001312</td>\n",
       "      <td>0.063488</td>\n",
       "      <td>0.310154</td>\n",
       "      <td>0.278426</td>\n",
       "      <td>1.000000</td>\n",
       "      <td>0.417034</td>\n",
       "      <td>0.377210</td>\n",
       "    </tr>\n",
       "    <tr>\n",
       "      <th>1379</th>\n",
       "      <td>0.091219</td>\n",
       "      <td>0.080273</td>\n",
       "      <td>0.239699</td>\n",
       "      <td>0.226879</td>\n",
       "      <td>0.417034</td>\n",
       "      <td>1.000000</td>\n",
       "      <td>0.395471</td>\n",
       "    </tr>\n",
       "    <tr>\n",
       "      <th>1389</th>\n",
       "      <td>0.036501</td>\n",
       "      <td>0.068402</td>\n",
       "      <td>0.313334</td>\n",
       "      <td>0.252446</td>\n",
       "      <td>0.377210</td>\n",
       "      <td>0.395471</td>\n",
       "      <td>1.000000</td>\n",
       "    </tr>\n",
       "  </tbody>\n",
       "</table>\n",
       "</div>"
      ],
      "text/plain": [
       "          1329      1339      1349      1359      1369      1379      1389\n",
       "1329  1.000000  0.411966 -0.051958  0.113605  0.001312  0.091219  0.036501\n",
       "1339  0.411966  1.000000  0.070147  0.177204  0.063488  0.080273  0.068402\n",
       "1349 -0.051958  0.070147  1.000000  0.276734  0.310154  0.239699  0.313334\n",
       "1359  0.113605  0.177204  0.276734  1.000000  0.278426  0.226879  0.252446\n",
       "1369  0.001312  0.063488  0.310154  0.278426  1.000000  0.417034  0.377210\n",
       "1379  0.091219  0.080273  0.239699  0.226879  0.417034  1.000000  0.395471\n",
       "1389  0.036501  0.068402  0.313334  0.252446  0.377210  0.395471  1.000000"
      ]
     },
     "execution_count": 14,
     "metadata": {},
     "output_type": "execute_result"
    }
   ],
   "source": [
    "cat_single_df.loc[:, diet_catsingle_fish + diet_catsingle_meat].corr()"
   ]
  },
  {
   "cell_type": "code",
   "execution_count": null,
   "metadata": {},
   "outputs": [],
   "source": []
  }
 ],
 "metadata": {
  "kernelspec": {
   "display_name": "Python 3.10.5 ('lifestyle': conda)",
   "language": "python",
   "name": "python3"
  },
  "language_info": {
   "codemirror_mode": {
    "name": "ipython",
    "version": 3
   },
   "file_extension": ".py",
   "mimetype": "text/x-python",
   "name": "python",
   "nbconvert_exporter": "python",
   "pygments_lexer": "ipython3",
   "version": "3.10.5"
  },
  "orig_nbformat": 4,
  "vscode": {
   "interpreter": {
    "hash": "16cafb6167aab27af38fb9dd7b60957638d395d046547fecb336219eba5f9113"
   }
  }
 },
 "nbformat": 4,
 "nbformat_minor": 2
}
