{
 "cells": [
  {
   "cell_type": "markdown",
   "metadata": {},
   "source": [
    "# Physical activity and sleep field categories are covered here"
   ]
  },
  {
   "cell_type": "code",
   "execution_count": 1,
   "metadata": {},
   "outputs": [],
   "source": [
    "import pandas as pd\n",
    "import numpy as np\n",
    "import os\n",
    "import seaborn as sns\n",
    "import matplotlib.pyplot as plt\n",
    "import utils as ut\n",
    "from scipy import stats\n"
   ]
  },
  {
   "cell_type": "code",
   "execution_count": 2,
   "metadata": {},
   "outputs": [],
   "source": [
    "sns.set_style(\"dark\", {\"grid.color\": \".6\", \"grid.linestyle\": \":\"})\n",
    "sns.set_context(\"paper\")\n",
    "sns.set(font_scale = 1.5)"
   ]
  },
  {
   "cell_type": "code",
   "execution_count": 3,
   "metadata": {},
   "outputs": [],
   "source": [
    "lifestyle_file = \"/data5/deepro/ukbiobank/analysis/lifestyle_factors/data/lifestyle_v2.xlsx\"\n",
    "store_dir = \"/data5/deepro/ukbiobank/preprocess/rarecomb_pheno_prepare/data\"\n",
    "lifestyle_df = pd.read_excel(lifestyle_file)"
   ]
  },
  {
   "cell_type": "code",
   "execution_count": 4,
   "metadata": {},
   "outputs": [],
   "source": [
    "int_df = ut.get_integer_factors(lifestyle_df, store_dir)\n",
    "cat_single_df = ut.get_catsingle_factors(lifestyle_df, store_dir)\n",
    "cat_multiple_df = ut.get_catmultiple_factors(lifestyle_df, store_dir)"
   ]
  },
  {
   "cell_type": "code",
   "execution_count": 15,
   "metadata": {},
   "outputs": [],
   "source": [
    "# Number of days/week walked or moderate or severe physical activity 10+ minutes - frequency\n",
    "physical_activity_integer_frequency = [864, 884, 904]\n",
    "\n",
    "# Duration of walks or moderate or vigorous activity - duration\n",
    "physical_activity_integer_duration = [874, 894, 914]\n",
    "\n",
    "# Time spent watching tv, on computer or driving - miscellaneous\n",
    "physical_activity_integer_miscellaneous = [1070, 1080, 1090]\n",
    "\n",
    "# Sleep duration - sleep\n",
    "physical_activity_integer_sleep = [1160]\n",
    "\n",
    "# frequency and duration of diy last four months - diy\n",
    "physical_activity_catsingle_diy = [1011, 1021, 2624, 2634]\n",
    "\n",
    "# frequency of strenuous or other exercises last four months - sports_frequency\n",
    "physical_activity_catsingle_sports_frequency = [991, 3637]\n",
    "\n",
    "# duration of strenuous or other exercises last four months - sports_duration\n",
    "physical_activity_catsingle_sports_duration = [1001, 3647]\n",
    "\n",
    "# usual walking pace, stair climbing - regular\n",
    "physical_activity_catsingle_regular = [924, 943]\n",
    "\n",
    "# usual walking pleasure - pleasure\n",
    "physical_activity_catsingle_pleasure = [971, 981]\n",
    "\n",
    "# Sleep pattern morning - sleep morning\n",
    "physical_activity_catsingle_sleep_morning = [1170, 1180]\n",
    "\n",
    "# Sleep pattern napping/dozing - sleep nap\n",
    "physical_activity_catsingle_sleep_nap = [1190, 1220]\n",
    "\n",
    "# Sleep pattern snoring - sleep snore\n",
    "physical_activity_catsingle_sleep_snore = [1210]\n",
    "\n",
    "# Sleep pattern insomnia - sleep insomnia\n",
    "physical_activity_catsingle_sleep_insomnia = [1200]"
   ]
  },
  {
   "cell_type": "markdown",
   "metadata": {},
   "source": [
    "# Checking for correlation"
   ]
  },
  {
   "cell_type": "code",
   "execution_count": 10,
   "metadata": {},
   "outputs": [
    {
     "data": {
      "text/html": [
       "<div>\n",
       "<style scoped>\n",
       "    .dataframe tbody tr th:only-of-type {\n",
       "        vertical-align: middle;\n",
       "    }\n",
       "\n",
       "    .dataframe tbody tr th {\n",
       "        vertical-align: top;\n",
       "    }\n",
       "\n",
       "    .dataframe thead th {\n",
       "        text-align: right;\n",
       "    }\n",
       "</style>\n",
       "<table border=\"1\" class=\"dataframe\">\n",
       "  <thead>\n",
       "    <tr style=\"text-align: right;\">\n",
       "      <th></th>\n",
       "      <th>864</th>\n",
       "      <th>884</th>\n",
       "      <th>904</th>\n",
       "      <th>874</th>\n",
       "      <th>894</th>\n",
       "      <th>914</th>\n",
       "      <th>1070</th>\n",
       "      <th>1080</th>\n",
       "      <th>1090</th>\n",
       "    </tr>\n",
       "  </thead>\n",
       "  <tbody>\n",
       "    <tr>\n",
       "      <th>864</th>\n",
       "      <td>1.000000</td>\n",
       "      <td>0.374659</td>\n",
       "      <td>0.232878</td>\n",
       "      <td>0.248875</td>\n",
       "      <td>0.142071</td>\n",
       "      <td>0.081962</td>\n",
       "      <td>-0.046755</td>\n",
       "      <td>-0.081861</td>\n",
       "      <td>-0.062930</td>\n",
       "    </tr>\n",
       "    <tr>\n",
       "      <th>884</th>\n",
       "      <td>0.374659</td>\n",
       "      <td>1.000000</td>\n",
       "      <td>0.491470</td>\n",
       "      <td>0.230736</td>\n",
       "      <td>0.304630</td>\n",
       "      <td>0.123322</td>\n",
       "      <td>-0.048962</td>\n",
       "      <td>-0.060438</td>\n",
       "      <td>-0.004564</td>\n",
       "    </tr>\n",
       "    <tr>\n",
       "      <th>904</th>\n",
       "      <td>0.232878</td>\n",
       "      <td>0.491470</td>\n",
       "      <td>1.000000</td>\n",
       "      <td>0.158547</td>\n",
       "      <td>0.208951</td>\n",
       "      <td>0.204060</td>\n",
       "      <td>-0.085376</td>\n",
       "      <td>-0.016353</td>\n",
       "      <td>0.034243</td>\n",
       "    </tr>\n",
       "    <tr>\n",
       "      <th>874</th>\n",
       "      <td>0.248875</td>\n",
       "      <td>0.230736</td>\n",
       "      <td>0.158547</td>\n",
       "      <td>1.000000</td>\n",
       "      <td>0.453012</td>\n",
       "      <td>0.264365</td>\n",
       "      <td>0.008659</td>\n",
       "      <td>-0.055654</td>\n",
       "      <td>0.041746</td>\n",
       "    </tr>\n",
       "    <tr>\n",
       "      <th>894</th>\n",
       "      <td>0.142071</td>\n",
       "      <td>0.304630</td>\n",
       "      <td>0.208951</td>\n",
       "      <td>0.453012</td>\n",
       "      <td>1.000000</td>\n",
       "      <td>0.357167</td>\n",
       "      <td>0.027083</td>\n",
       "      <td>-0.055468</td>\n",
       "      <td>0.037402</td>\n",
       "    </tr>\n",
       "    <tr>\n",
       "      <th>914</th>\n",
       "      <td>0.081962</td>\n",
       "      <td>0.123322</td>\n",
       "      <td>0.204060</td>\n",
       "      <td>0.264365</td>\n",
       "      <td>0.357167</td>\n",
       "      <td>1.000000</td>\n",
       "      <td>0.021538</td>\n",
       "      <td>-0.017791</td>\n",
       "      <td>0.049467</td>\n",
       "    </tr>\n",
       "    <tr>\n",
       "      <th>1070</th>\n",
       "      <td>-0.046755</td>\n",
       "      <td>-0.048962</td>\n",
       "      <td>-0.085376</td>\n",
       "      <td>0.008659</td>\n",
       "      <td>0.027083</td>\n",
       "      <td>0.021538</td>\n",
       "      <td>1.000000</td>\n",
       "      <td>0.010216</td>\n",
       "      <td>0.037242</td>\n",
       "    </tr>\n",
       "    <tr>\n",
       "      <th>1080</th>\n",
       "      <td>-0.081861</td>\n",
       "      <td>-0.060438</td>\n",
       "      <td>-0.016353</td>\n",
       "      <td>-0.055654</td>\n",
       "      <td>-0.055468</td>\n",
       "      <td>-0.017791</td>\n",
       "      <td>0.010216</td>\n",
       "      <td>1.000000</td>\n",
       "      <td>0.150534</td>\n",
       "    </tr>\n",
       "    <tr>\n",
       "      <th>1090</th>\n",
       "      <td>-0.062930</td>\n",
       "      <td>-0.004564</td>\n",
       "      <td>0.034243</td>\n",
       "      <td>0.041746</td>\n",
       "      <td>0.037402</td>\n",
       "      <td>0.049467</td>\n",
       "      <td>0.037242</td>\n",
       "      <td>0.150534</td>\n",
       "      <td>1.000000</td>\n",
       "    </tr>\n",
       "  </tbody>\n",
       "</table>\n",
       "</div>"
      ],
      "text/plain": [
       "          864       884       904       874       894       914       1070  \\\n",
       "864   1.000000  0.374659  0.232878  0.248875  0.142071  0.081962 -0.046755   \n",
       "884   0.374659  1.000000  0.491470  0.230736  0.304630  0.123322 -0.048962   \n",
       "904   0.232878  0.491470  1.000000  0.158547  0.208951  0.204060 -0.085376   \n",
       "874   0.248875  0.230736  0.158547  1.000000  0.453012  0.264365  0.008659   \n",
       "894   0.142071  0.304630  0.208951  0.453012  1.000000  0.357167  0.027083   \n",
       "914   0.081962  0.123322  0.204060  0.264365  0.357167  1.000000  0.021538   \n",
       "1070 -0.046755 -0.048962 -0.085376  0.008659  0.027083  0.021538  1.000000   \n",
       "1080 -0.081861 -0.060438 -0.016353 -0.055654 -0.055468 -0.017791  0.010216   \n",
       "1090 -0.062930 -0.004564  0.034243  0.041746  0.037402  0.049467  0.037242   \n",
       "\n",
       "          1080      1090  \n",
       "864  -0.081861 -0.062930  \n",
       "884  -0.060438 -0.004564  \n",
       "904  -0.016353  0.034243  \n",
       "874  -0.055654  0.041746  \n",
       "894  -0.055468  0.037402  \n",
       "914  -0.017791  0.049467  \n",
       "1070  0.010216  0.037242  \n",
       "1080  1.000000  0.150534  \n",
       "1090  0.150534  1.000000  "
      ]
     },
     "execution_count": 10,
     "metadata": {},
     "output_type": "execute_result"
    }
   ],
   "source": [
    "int_df.loc[:, physical_activity_integer_frequency + physical_activity_integer_duration + physical_activity_integer_miscellaneous].corr()"
   ]
  },
  {
   "cell_type": "code",
   "execution_count": 16,
   "metadata": {},
   "outputs": [
    {
     "data": {
      "text/html": [
       "<div>\n",
       "<style scoped>\n",
       "    .dataframe tbody tr th:only-of-type {\n",
       "        vertical-align: middle;\n",
       "    }\n",
       "\n",
       "    .dataframe tbody tr th {\n",
       "        vertical-align: top;\n",
       "    }\n",
       "\n",
       "    .dataframe thead th {\n",
       "        text-align: right;\n",
       "    }\n",
       "</style>\n",
       "<table border=\"1\" class=\"dataframe\">\n",
       "  <thead>\n",
       "    <tr style=\"text-align: right;\">\n",
       "      <th></th>\n",
       "      <th>1011</th>\n",
       "      <th>1021</th>\n",
       "      <th>2624</th>\n",
       "      <th>2634</th>\n",
       "    </tr>\n",
       "  </thead>\n",
       "  <tbody>\n",
       "    <tr>\n",
       "      <th>1011</th>\n",
       "      <td>1.000000</td>\n",
       "      <td>0.249445</td>\n",
       "      <td>0.541567</td>\n",
       "      <td>0.158061</td>\n",
       "    </tr>\n",
       "    <tr>\n",
       "      <th>1021</th>\n",
       "      <td>0.249445</td>\n",
       "      <td>1.000000</td>\n",
       "      <td>0.257403</td>\n",
       "      <td>0.456952</td>\n",
       "    </tr>\n",
       "    <tr>\n",
       "      <th>2624</th>\n",
       "      <td>0.541567</td>\n",
       "      <td>0.257403</td>\n",
       "      <td>1.000000</td>\n",
       "      <td>0.321765</td>\n",
       "    </tr>\n",
       "    <tr>\n",
       "      <th>2634</th>\n",
       "      <td>0.158061</td>\n",
       "      <td>0.456952</td>\n",
       "      <td>0.321765</td>\n",
       "      <td>1.000000</td>\n",
       "    </tr>\n",
       "  </tbody>\n",
       "</table>\n",
       "</div>"
      ],
      "text/plain": [
       "          1011      1021      2624      2634\n",
       "1011  1.000000  0.249445  0.541567  0.158061\n",
       "1021  0.249445  1.000000  0.257403  0.456952\n",
       "2624  0.541567  0.257403  1.000000  0.321765\n",
       "2634  0.158061  0.456952  0.321765  1.000000"
      ]
     },
     "execution_count": 16,
     "metadata": {},
     "output_type": "execute_result"
    }
   ],
   "source": [
    "cat_single_df.loc[:, physical_activity_catsingle_diy].corr()"
   ]
  },
  {
   "cell_type": "code",
   "execution_count": 12,
   "metadata": {},
   "outputs": [
    {
     "data": {
      "text/html": [
       "<div>\n",
       "<style scoped>\n",
       "    .dataframe tbody tr th:only-of-type {\n",
       "        vertical-align: middle;\n",
       "    }\n",
       "\n",
       "    .dataframe tbody tr th {\n",
       "        vertical-align: top;\n",
       "    }\n",
       "\n",
       "    .dataframe thead th {\n",
       "        text-align: right;\n",
       "    }\n",
       "</style>\n",
       "<table border=\"1\" class=\"dataframe\">\n",
       "  <thead>\n",
       "    <tr style=\"text-align: right;\">\n",
       "      <th></th>\n",
       "      <th>924</th>\n",
       "      <th>943</th>\n",
       "      <th>971</th>\n",
       "      <th>991</th>\n",
       "      <th>1011</th>\n",
       "      <th>2624</th>\n",
       "      <th>3637</th>\n",
       "      <th>981</th>\n",
       "      <th>1001</th>\n",
       "      <th>1021</th>\n",
       "      <th>2634</th>\n",
       "      <th>3647</th>\n",
       "    </tr>\n",
       "  </thead>\n",
       "  <tbody>\n",
       "    <tr>\n",
       "      <th>924</th>\n",
       "      <td>1.000000</td>\n",
       "      <td>0.168445</td>\n",
       "      <td>0.027910</td>\n",
       "      <td>0.050546</td>\n",
       "      <td>0.028714</td>\n",
       "      <td>0.009036</td>\n",
       "      <td>0.067785</td>\n",
       "      <td>0.125649</td>\n",
       "      <td>0.000853</td>\n",
       "      <td>0.044729</td>\n",
       "      <td>0.033708</td>\n",
       "      <td>0.043502</td>\n",
       "    </tr>\n",
       "    <tr>\n",
       "      <th>943</th>\n",
       "      <td>0.168445</td>\n",
       "      <td>1.000000</td>\n",
       "      <td>0.050673</td>\n",
       "      <td>0.043114</td>\n",
       "      <td>0.106141</td>\n",
       "      <td>0.065165</td>\n",
       "      <td>0.040455</td>\n",
       "      <td>0.056747</td>\n",
       "      <td>0.016390</td>\n",
       "      <td>0.045327</td>\n",
       "      <td>0.026664</td>\n",
       "      <td>0.019261</td>\n",
       "    </tr>\n",
       "    <tr>\n",
       "      <th>971</th>\n",
       "      <td>0.027910</td>\n",
       "      <td>0.050673</td>\n",
       "      <td>1.000000</td>\n",
       "      <td>0.100874</td>\n",
       "      <td>0.151534</td>\n",
       "      <td>0.134007</td>\n",
       "      <td>0.105457</td>\n",
       "      <td>-0.120839</td>\n",
       "      <td>0.022068</td>\n",
       "      <td>-0.020797</td>\n",
       "      <td>-0.045273</td>\n",
       "      <td>0.011007</td>\n",
       "    </tr>\n",
       "    <tr>\n",
       "      <th>991</th>\n",
       "      <td>0.050546</td>\n",
       "      <td>0.043114</td>\n",
       "      <td>0.100874</td>\n",
       "      <td>1.000000</td>\n",
       "      <td>0.071028</td>\n",
       "      <td>0.133420</td>\n",
       "      <td>0.447138</td>\n",
       "      <td>0.000188</td>\n",
       "      <td>0.047309</td>\n",
       "      <td>-0.000406</td>\n",
       "      <td>0.009269</td>\n",
       "      <td>0.111396</td>\n",
       "    </tr>\n",
       "    <tr>\n",
       "      <th>1011</th>\n",
       "      <td>0.028714</td>\n",
       "      <td>0.106141</td>\n",
       "      <td>0.151534</td>\n",
       "      <td>0.071028</td>\n",
       "      <td>1.000000</td>\n",
       "      <td>0.541567</td>\n",
       "      <td>0.086002</td>\n",
       "      <td>0.037520</td>\n",
       "      <td>0.067063</td>\n",
       "      <td>0.249445</td>\n",
       "      <td>0.158061</td>\n",
       "      <td>0.039488</td>\n",
       "    </tr>\n",
       "    <tr>\n",
       "      <th>2624</th>\n",
       "      <td>0.009036</td>\n",
       "      <td>0.065165</td>\n",
       "      <td>0.134007</td>\n",
       "      <td>0.133420</td>\n",
       "      <td>0.541567</td>\n",
       "      <td>1.000000</td>\n",
       "      <td>0.111611</td>\n",
       "      <td>0.023337</td>\n",
       "      <td>0.080857</td>\n",
       "      <td>0.257403</td>\n",
       "      <td>0.321765</td>\n",
       "      <td>0.044768</td>\n",
       "    </tr>\n",
       "    <tr>\n",
       "      <th>3637</th>\n",
       "      <td>0.067785</td>\n",
       "      <td>0.040455</td>\n",
       "      <td>0.105457</td>\n",
       "      <td>0.447138</td>\n",
       "      <td>0.086002</td>\n",
       "      <td>0.111611</td>\n",
       "      <td>1.000000</td>\n",
       "      <td>0.034347</td>\n",
       "      <td>0.019147</td>\n",
       "      <td>0.002431</td>\n",
       "      <td>0.011003</td>\n",
       "      <td>0.082972</td>\n",
       "    </tr>\n",
       "    <tr>\n",
       "      <th>981</th>\n",
       "      <td>0.125649</td>\n",
       "      <td>0.056747</td>\n",
       "      <td>-0.120839</td>\n",
       "      <td>0.000188</td>\n",
       "      <td>0.037520</td>\n",
       "      <td>0.023337</td>\n",
       "      <td>0.034347</td>\n",
       "      <td>1.000000</td>\n",
       "      <td>0.166549</td>\n",
       "      <td>0.154029</td>\n",
       "      <td>0.117713</td>\n",
       "      <td>0.174014</td>\n",
       "    </tr>\n",
       "    <tr>\n",
       "      <th>1001</th>\n",
       "      <td>0.000853</td>\n",
       "      <td>0.016390</td>\n",
       "      <td>0.022068</td>\n",
       "      <td>0.047309</td>\n",
       "      <td>0.067063</td>\n",
       "      <td>0.080857</td>\n",
       "      <td>0.019147</td>\n",
       "      <td>0.166549</td>\n",
       "      <td>1.000000</td>\n",
       "      <td>0.125083</td>\n",
       "      <td>0.157105</td>\n",
       "      <td>0.462149</td>\n",
       "    </tr>\n",
       "    <tr>\n",
       "      <th>1021</th>\n",
       "      <td>0.044729</td>\n",
       "      <td>0.045327</td>\n",
       "      <td>-0.020797</td>\n",
       "      <td>-0.000406</td>\n",
       "      <td>0.249445</td>\n",
       "      <td>0.257403</td>\n",
       "      <td>0.002431</td>\n",
       "      <td>0.154029</td>\n",
       "      <td>0.125083</td>\n",
       "      <td>1.000000</td>\n",
       "      <td>0.456952</td>\n",
       "      <td>0.119923</td>\n",
       "    </tr>\n",
       "    <tr>\n",
       "      <th>2634</th>\n",
       "      <td>0.033708</td>\n",
       "      <td>0.026664</td>\n",
       "      <td>-0.045273</td>\n",
       "      <td>0.009269</td>\n",
       "      <td>0.158061</td>\n",
       "      <td>0.321765</td>\n",
       "      <td>0.011003</td>\n",
       "      <td>0.117713</td>\n",
       "      <td>0.157105</td>\n",
       "      <td>0.456952</td>\n",
       "      <td>1.000000</td>\n",
       "      <td>0.103285</td>\n",
       "    </tr>\n",
       "    <tr>\n",
       "      <th>3647</th>\n",
       "      <td>0.043502</td>\n",
       "      <td>0.019261</td>\n",
       "      <td>0.011007</td>\n",
       "      <td>0.111396</td>\n",
       "      <td>0.039488</td>\n",
       "      <td>0.044768</td>\n",
       "      <td>0.082972</td>\n",
       "      <td>0.174014</td>\n",
       "      <td>0.462149</td>\n",
       "      <td>0.119923</td>\n",
       "      <td>0.103285</td>\n",
       "      <td>1.000000</td>\n",
       "    </tr>\n",
       "  </tbody>\n",
       "</table>\n",
       "</div>"
      ],
      "text/plain": [
       "          924       943       971       991       1011      2624      3637  \\\n",
       "924   1.000000  0.168445  0.027910  0.050546  0.028714  0.009036  0.067785   \n",
       "943   0.168445  1.000000  0.050673  0.043114  0.106141  0.065165  0.040455   \n",
       "971   0.027910  0.050673  1.000000  0.100874  0.151534  0.134007  0.105457   \n",
       "991   0.050546  0.043114  0.100874  1.000000  0.071028  0.133420  0.447138   \n",
       "1011  0.028714  0.106141  0.151534  0.071028  1.000000  0.541567  0.086002   \n",
       "2624  0.009036  0.065165  0.134007  0.133420  0.541567  1.000000  0.111611   \n",
       "3637  0.067785  0.040455  0.105457  0.447138  0.086002  0.111611  1.000000   \n",
       "981   0.125649  0.056747 -0.120839  0.000188  0.037520  0.023337  0.034347   \n",
       "1001  0.000853  0.016390  0.022068  0.047309  0.067063  0.080857  0.019147   \n",
       "1021  0.044729  0.045327 -0.020797 -0.000406  0.249445  0.257403  0.002431   \n",
       "2634  0.033708  0.026664 -0.045273  0.009269  0.158061  0.321765  0.011003   \n",
       "3647  0.043502  0.019261  0.011007  0.111396  0.039488  0.044768  0.082972   \n",
       "\n",
       "          981       1001      1021      2634      3647  \n",
       "924   0.125649  0.000853  0.044729  0.033708  0.043502  \n",
       "943   0.056747  0.016390  0.045327  0.026664  0.019261  \n",
       "971  -0.120839  0.022068 -0.020797 -0.045273  0.011007  \n",
       "991   0.000188  0.047309 -0.000406  0.009269  0.111396  \n",
       "1011  0.037520  0.067063  0.249445  0.158061  0.039488  \n",
       "2624  0.023337  0.080857  0.257403  0.321765  0.044768  \n",
       "3637  0.034347  0.019147  0.002431  0.011003  0.082972  \n",
       "981   1.000000  0.166549  0.154029  0.117713  0.174014  \n",
       "1001  0.166549  1.000000  0.125083  0.157105  0.462149  \n",
       "1021  0.154029  0.125083  1.000000  0.456952  0.119923  \n",
       "2634  0.117713  0.157105  0.456952  1.000000  0.103285  \n",
       "3647  0.174014  0.462149  0.119923  0.103285  1.000000  "
      ]
     },
     "execution_count": 12,
     "metadata": {},
     "output_type": "execute_result"
    }
   ],
   "source": [
    "cat_single_df.loc[:, physical_activity_catsingle_pace + physical_activity_catsingle_frequency + physical_activity_catsingle_duration].corr()"
   ]
  },
  {
   "cell_type": "code",
   "execution_count": 13,
   "metadata": {},
   "outputs": [
    {
     "data": {
      "text/html": [
       "<div>\n",
       "<style scoped>\n",
       "    .dataframe tbody tr th:only-of-type {\n",
       "        vertical-align: middle;\n",
       "    }\n",
       "\n",
       "    .dataframe tbody tr th {\n",
       "        vertical-align: top;\n",
       "    }\n",
       "\n",
       "    .dataframe thead th {\n",
       "        text-align: right;\n",
       "    }\n",
       "</style>\n",
       "<table border=\"1\" class=\"dataframe\">\n",
       "  <thead>\n",
       "    <tr style=\"text-align: right;\">\n",
       "      <th></th>\n",
       "      <th>1170</th>\n",
       "      <th>1180</th>\n",
       "      <th>1190</th>\n",
       "      <th>1200</th>\n",
       "      <th>1210</th>\n",
       "      <th>1220</th>\n",
       "    </tr>\n",
       "  </thead>\n",
       "  <tbody>\n",
       "    <tr>\n",
       "      <th>1170</th>\n",
       "      <td>1.000000</td>\n",
       "      <td>-0.475428</td>\n",
       "      <td>-0.018807</td>\n",
       "      <td>-0.114990</td>\n",
       "      <td>-0.001015</td>\n",
       "      <td>-0.073576</td>\n",
       "    </tr>\n",
       "    <tr>\n",
       "      <th>1180</th>\n",
       "      <td>-0.475428</td>\n",
       "      <td>1.000000</td>\n",
       "      <td>-0.021653</td>\n",
       "      <td>0.001137</td>\n",
       "      <td>-0.011032</td>\n",
       "      <td>-0.007805</td>\n",
       "    </tr>\n",
       "    <tr>\n",
       "      <th>1190</th>\n",
       "      <td>-0.018807</td>\n",
       "      <td>-0.021653</td>\n",
       "      <td>1.000000</td>\n",
       "      <td>0.056522</td>\n",
       "      <td>-0.076478</td>\n",
       "      <td>0.356665</td>\n",
       "    </tr>\n",
       "    <tr>\n",
       "      <th>1200</th>\n",
       "      <td>-0.114990</td>\n",
       "      <td>0.001137</td>\n",
       "      <td>0.056522</td>\n",
       "      <td>1.000000</td>\n",
       "      <td>0.034836</td>\n",
       "      <td>0.085259</td>\n",
       "    </tr>\n",
       "    <tr>\n",
       "      <th>1210</th>\n",
       "      <td>-0.001015</td>\n",
       "      <td>-0.011032</td>\n",
       "      <td>-0.076478</td>\n",
       "      <td>0.034836</td>\n",
       "      <td>1.000000</td>\n",
       "      <td>-0.089733</td>\n",
       "    </tr>\n",
       "    <tr>\n",
       "      <th>1220</th>\n",
       "      <td>-0.073576</td>\n",
       "      <td>-0.007805</td>\n",
       "      <td>0.356665</td>\n",
       "      <td>0.085259</td>\n",
       "      <td>-0.089733</td>\n",
       "      <td>1.000000</td>\n",
       "    </tr>\n",
       "  </tbody>\n",
       "</table>\n",
       "</div>"
      ],
      "text/plain": [
       "          1170      1180      1190      1200      1210      1220\n",
       "1170  1.000000 -0.475428 -0.018807 -0.114990 -0.001015 -0.073576\n",
       "1180 -0.475428  1.000000 -0.021653  0.001137 -0.011032 -0.007805\n",
       "1190 -0.018807 -0.021653  1.000000  0.056522 -0.076478  0.356665\n",
       "1200 -0.114990  0.001137  0.056522  1.000000  0.034836  0.085259\n",
       "1210 -0.001015 -0.011032 -0.076478  0.034836  1.000000 -0.089733\n",
       "1220 -0.073576 -0.007805  0.356665  0.085259 -0.089733  1.000000"
      ]
     },
     "execution_count": 13,
     "metadata": {},
     "output_type": "execute_result"
    }
   ],
   "source": [
    "cat_single_df.loc[:, physical_activity_catsingle_sleep_pattern].corr()"
   ]
  },
  {
   "cell_type": "markdown",
   "metadata": {},
   "source": [
    "# Figure to see if field value quantiles are well reflected by the principal components"
   ]
  },
  {
   "cell_type": "code",
   "execution_count": 8,
   "metadata": {},
   "outputs": [],
   "source": [
    "# for integers\n",
    "# select relevant fields\n",
    "mental_health_selected_df = int_df.loc[:, mental_health_integer_depression_unenthusiasm_period]\n",
    "# get rid of negative values\n",
    "mental_health_selected_noneg_df = ut.replace_negs(mental_health_selected_df).dropna(axis=0)\n",
    "# standardize df\n",
    "mental_health_selected_noneg_standardized_df = ut.standardize_df(mental_health_selected_noneg_df)\n",
    "# create labels\n",
    "mental_health_selected_label_df = ut.create_labels(mental_health_selected_noneg_standardized_df)\n",
    "# get pca components\n",
    "mental_health_pca_df = ut.feature_pca(mental_health_selected_noneg_standardized_df, mental_health_selected_label_df)"
   ]
  },
  {
   "cell_type": "code",
   "execution_count": 9,
   "metadata": {},
   "outputs": [],
   "source": [
    "fd = 4609\n",
    "plt_df = mental_health_pca_df"
   ]
  },
  {
   "cell_type": "code",
   "execution_count": 10,
   "metadata": {},
   "outputs": [
    {
     "data": {
